Board Number|Board Name|Junior Kindergarten Enrolment|Kindergarten|Grade 1 Enrolment|Grade 2 Enrolment|Grade 3 Enrolment|Grade 4 Enrolment|Grade 5 Enrolment|Grade 6 Enrolment|Grade 7 Enrolment|Grade 8 Enrolment|Total Enrolment
B28010|Algoma DSB|655|640|625|650|595|655|670|670|680|700|6535
B67202|Algonquin and Lakeshore CDSB|745|750|820|780|845|835|820|860|750|740|7945
B66010|Avon Maitland DSB|980|985|940|975|990|1050|1050|1060|1085|1075|10195
B66001|Bluewater DSB|1205|1220|1245|1235|1270|1190|1265|1210|1160|1195|12195
B67164|Brant Haldimand Norfolk CDSB|630|645|695|660|660|645|700|665|695|665|6665
B67008|Bruce-Grey CDSB|340|300|280|310|290|320|290|290|255|285|2955
B67172|CDSB of Eastern Ontario|790|835|845|815|920|860|915|910|985|1010|8885
B66303|CS Viamonde|1205|1170|1170|1135|1125|1135|1025|995|785|735|10485
B67318|CS catholique MonAvenir|1300|1405|1420|1410|1415|1410|1410|1300|1315|1285|13675
B28118|CS public du Grand Nord de l'Ontario|200|200|200|195|180|185|190|170|200|150|1870
B28100|CSD du Nord-Est de l'Ontario|205|185|185|190|170|195|170|195|125|110|1725
B29114|CSDC Franco-Nord|170|210|200|195|205|200|185|180|220|175|1935
B67326|CSDC de l'Est ontarien|775|770|745|765|755|775|765|750|705|670|7485
B29130|CSDC des Aurores boréales|70|70|70|75|65|70|75|65|80|65|705
B29106|CSDC des Grandes Rivières|425|435|415|415|395|430|395|380|410|390|4090
B67334|CSDC du Centre-Est de l'Ontario|1845|1920|1970|1895|1930|1960|1990|1890|1725|1695|18815
B29122|CSDC du Nouvel-Ontario|540|485|495|485|520|505|495|510|490|450|4965
B67300|Conseil scolaire catholique Providence|885|840|865|840|795|795|800|770|800|770|8165
B66311|CÉP de l'Est de l'Ontario|1260|1335|1315|1240|1295|1225|1235|1130|1115|1030|12180
B66150|DSB Niagara|2410|2375|2545|2475|2545|2725|2630|2655|2620|2595|25580
B28002|DSB Ontario North East|380|420|430|430|415|455|430|390|425|405|4180
B67083|Dufferin-Peel CDSB|4255|4390|4730|4795|4870|5000|5230|5225|5135|5255|48885
B67105|Durham CDSB|1350|1340|1400|1420|1570|1635|1565|1580|1485|1565|14915
B66060|Durham DSB|4355|4530|4915|5050|5075|5220|5090|5215|5205|5180|49835
B66168|Grand Erie DSB|1675|1740|1705|1825|1855|1825|1910|1825|1825|1810|17995
B66028|Greater Essex County DSB|2130|2240|2440|2410|2485|2595|2630|2660|2525|2665|24780
B67113|Halton CDSB|2110|2190|2305|2335|2395|2430|2475|2390|2290|2290|23215
B66133|Halton DSB|3595|3800|4090|4475|4475|4850|4990|5225|5100|4995|45605
B67121|Hamilton-Wentworth CDSB|1720|1825|1785|1860|1900|1955|2005|1925|1875|1960|18820
B66141|Hamilton-Wentworth DSB|3455|3560|3680|3555|3520|3605|3635|3655|3640|3595|35900
B66222|Hastings & Prince Edward DSB|870|1025|990|1025|1050|1060|1125|1085|1095|1050|10370
B67016|Huron Perth CDSB|320|320|370|320|350|320|340|320|300|295|3255
B29025|Huron-Superior CDSB|335|365|400|380|410|365|360|350|325|330|3615
B66079|Kawartha Pine Ridge DSB|2320|2490|2300|2340|2305|2360|2410|2325|2260|2215|23330
B28045|Keewatin-Patricia DSB|270|275|290|275|285|295|285|300|295|290|2850
B29050|Kenora CDSB|70|70|95|110|95|105|125|120|110|115|1020
B28061|Lakehead DSB|640|635|630|595|640|635|620|595|580|610|6185
B66036|Lambton Kent DSB|1365|1345|1435|1445|1440|1530|1505|1555|1550|1495|14665
B66206|Limestone DSB|1240|1265|1310|1290|1310|1350|1355|1345|1365|1350|13180
B67032|London District Catholic School Board|1370|1375|1390|1380|1365|1365|1400|1405|1405|1370|13825
B15199|Moose Factory Island DSAB|30|35|45|30|45|45|30|35|SP|<10|310
B15202|Moosonee DSAB|25|25|30|25|30|25|30|25|SP|SP|260
B28037|Near North DSB|620|630|620|680|675|695|720|675|680|705|6700
B67156|Niagara CDSB|1275|1330|1370|1420|1410|1495|1545|1505|1495|1520|14365
B29017|Nipissing-Parry Sound CDSB|175|170|170|165|175|200|205|205|180|195|1840
B29009|Northeastern CDSB|155|165|205|175|160|185|220|220|205|185|1875
B29041|Northwest CDSB|105|130|120|125|160|160|120|110|125|115|1270
B67180|Ottawa CDSB|2585|2815|2990|2960|3060|3045|3015|2845|3095|3140|29545
B66184|Ottawa-Carleton DSB|4485|4750|4850|4970|5020|5095|5210|5190|5015|4955|49535
B66125|Peel DSB|10145|10850|11460|11345|11480|11585|12090|11875|12200|12065|115100
B79910|Penetanguishene PSSB|55|35|35|30|25|35|30|35|30|35|345
B67067|Peterborough Victoria Northumberland and Clarington CDSB|980|990|1030|1030|1090|1055|1080|1045|1040|1015|10350
B28029|Rainbow DSB|855|850|860|880|880|910|945|910|870|905|8870
B28053|Rainy River DSB|140|170|170|160|180|165|190|185|180|195|1740
B67199|Renfrew County CDSB|375|405|375|375|375|400|375|380|320|360|3735
B66214|Renfrew County DSB|580|620|610|570|615|585|595|600|610|535|5935
B66109|Simcoe County DSB|3625|3505|3640|3660|3730|3885|3775|3845|3765|3780|37205
B67091|Simcoe Muskoka CDSB|1315|1420|1415|1445|1505|1575|1575|1490|1530|1510|14780
B67040|St Clair CDSB|510|595|585|640|645|645|670|580|615|625|6115
B29033|Sudbury CDSB|380|425|415|385|405|435|385|425|430|425|4105
B29076|Superior North CDSB|55|65|60|65|75|65|75|75|65|70|665
B28070|Superior-Greenstone DSB|70|65|80|80|90|70|90|80|80|65|770
B66044|Thames Valley DSB|5065|5340|5430|5565|5400|5660|5740|5825|5660|5395|55080
B29068|Thunder Bay CDSB|510|530|535|585|530|570|565|555|525|570|5470
B67059|Toronto CDSB|5915|6000|6225|6135|6295|6345|6410|6500|6405|6485|62715
B66052|Toronto DSB|17010|17775|18300|17545|17645|17580|17520|17430|16325|16360|173485
B66087|Trillium Lakelands DSB|1015|1065|1110|1120|1160|1120|1165|1145|1060|1130|11080
B66192|Upper Canada DSB|1605|1735|1780|1775|1730|1845|1840|1920|1835|1765|17830
B66117|Upper Grand DSB|2300|2340|2475|2385|2400|2390|2425|2310|2425|2290|23745
B67148|Waterloo CDSB|1525|1595|1635|1615|1590|1680|1660|1640|1725|1615|16285
B66176|Waterloo Region DSB|4095|4295|4450|4435|4535|4545|4510|4745|4505|4495|44610
B67130|Wellington CDSB|555|540|495|555|545|565|635|590|590|605|5665
B67024|Windsor-Essex CDSB|1175|1210|1300|1260|1265|1335|1360|1385|1505|1525|13320
B67075|York CDSB|2535|2895|3360|3425|3530|3720|3815|3950|3790|3855|34880
B66095|York Region DSB|6830|7185|8830|8370|8625|8970|9070|9595|9290|9205|85970
N/A|Provincial Total|129160|134535|140790|140030|141855|144775|146225|146080|143225|142350|1409030