Board Number|Board Name|Junior Kindergarten Enrolment|Kindergarten|Grade 1 Enrolment|Grade 2 Enrolment|Grade 3 Enrolment|Grade 4 Enrolment|Grade 5 Enrolment|Grade 6 Enrolment|Grade 7 Enrolment|Grade 8 Enrolment|Total Enrolment
B28010|Algoma DSB|585|615|680|730|710|695|745|710|750|810|7025
B67202|Algonquin and Lakeshore CDSB|795|765|830|865|855|915|845|855|885|810|8420
B66010|Avon Maitland DSB|1000|1065|1120|1040|1075|1050|1100|1075|985|1065|10570
B66001|Bluewater DSB|1205|1340|1360|1340|1345|1465|1420|1410|1420|1375|13675
B67164|Brant Haldimand Norfolk CDSB|720|765|885|810|930|850|875|870|865|795|8365
B67008|Bruce-Grey CDSB|325|305|355|345|365|325|380|315|290|325|3330
B67172|CDSB of Eastern Ontario|755|865|955|925|1000|1065|975|1020|1095|1070|9725
B66303|CS Viamonde|1120|1135|1150|1150|1155|1090|1190|1065|940|865|10855
B67318|CS catholique MonAvenir|960|950|1025|1130|1160|1260|1170|1220|1290|1285|11450
B28118|CS public du Grand Nord de l'Ontario|175|205|205|205|210|195|190|185|160|180|1915
B28100|CS public du Nord-Est de l'Ontario|175|155|195|180|170|185|175|155|120|120|1625
B29114|CSDC Franco-Nord|140|160|160|160|165|155|165|200|200|205|1710
B67326|CSDC de l'Est ontarien|785|760|805|845|835|840|845|795|740|755|8015
B29130|CSDC des Aurores boréales|60|70|75|80|65|70|70|60|75|55|680
B29106|CSDC des Grandes Rivières|350|375|330|400|370|380|380|385|365|380|3715
B67334|CSDC du Centre-Est de l'Ontario|1960|2020|2120|2035|2170|2130|2105|2140|2075|1985|20745
B29122|CSDC du Nouvel-Ontario|375|385|390|395|430|475|455|400|395|390|4085
B67300|Conseil scolaire catholique Providence|715|790|805|750|730|730|765|690|675|685|7335
B66311|CÉP de l'Est de l'Ontario|1215|1270|1365|1400|1405|1370|1405|1385|1270|1255|13345
B66150|DSB Niagara|2450|2735|2975|3040|3100|2980|3050|3050|3080|3035|29490
B28002|DSB Ontario North East|350|420|405|425|455|475|475|485|560|470|4520
B67083|Dufferin-Peel CDSB|3125|3510|3745|3870|4060|4305|4280|4400|4585|4640|40520
B67105|Durham CDSB|1440|1500|1570|1655|1590|1730|1685|1640|1630|1590|16020
B66060|Durham DSB|4760|5445|5635|5580|5685|5725|5740|5645|5885|6010|56110
B66168|Grand Erie DSB|1760|1945|1995|2005|2065|2070|2020|2035|2010|2070|19975
B66028|Greater Essex County DSB|2015|2295|2355|2400|2480|2445|2540|2550|2710|2690|24485
B67113|Halton CDSB|1705|1745|1960|2030|2215|2295|2415|2490|2475|2570|21900
B66133|Halton DSB|3330|3685|4140|4455|4725|4645|4805|4950|5140|5275|45150
B67121|Hamilton-Wentworth CDSB|1800|1895|1920|2000|1995|2115|2010|2075|2010|2090|19910
B66141|Hamilton-Wentworth DSB|3305|3650|3805|3930|3790|3755|3800|3865|3950|3885|37740
B66222|Hastings & Prince Edward DSB|910|1010|1095|1070|1105|1110|1040|1165|1105|1120|10730
B67016|Huron Perth CDSB|340|315|315|335|310|365|335|325|395|310|3345
B29025|Huron-Superior CDSB|285|340|325|375|360|415|440|425|420|385|3780
B66079|Kawartha Pine Ridge DSB|2345|2530|2555|2650|2745|2705|2605|2700|2600|2525|25955
B28045|Keewatin-Patricia DSB|240|285|275|285|300|300|280|295|315|300|2875
B29050|Kenora CDSB|90|80|90|110|80|70|85|85|85|110|895
B28061|Lakehead DSB|585|645|665|685|665|685|660|650|645|600|6485
B66036|Lambton Kent DSB|1310|1410|1450|1510|1470|1595|1545|1480|1520|1550|14840
B66206|Limestone DSB|1245|1335|1305|1395|1485|1365|1415|1380|1440|1460|13830
B67032|London District Catholic School Board|1470|1610|1640|1745|1820|1835|1955|1885|1825|1770|17550
B15199|Moose Factory Island DSAB|15|25|25|30|40|30|30|35|0|0|240
B15202|Moosonee DSAB|10|25|25|20|30|20|25|25|25|25|230
B28037|Near North DSB|525|660|630|700|700|705|720|720|700|770|6835
B67156|Niagara CDSB|1330|1510|1485|1530|1570|1595|1595|1605|1540|1605|15370
B29017|Nipissing-Parry Sound CDSB|190|185|180|215|210|245|225|225|205|215|2095
B29009|Northeastern CDSB|135|145|175|200|240|200|240|215|200|210|1960
B29041|Northwest CDSB|115|105|120|130|120|135|115|125|110|90|1170
B67180|Ottawa CSB|2850|3100|3080|3210|3460|3475|3560|3665|4040|4040|34475
B66184|Ottawa-Carleton DSB|4025|4695|4945|5155|5220|5135|5430|5445|5285|5335|50665
B66125|Peel DSB|9115|9945|10330|10580|10605|10560|10540|10970|11245|11360|105245
B79910|Penetanguishene PSSB|20|30|40|35|40|50|45|40|25|20|345
B67067|Peterborough Victoria Northumberland and Clarington CDSB|875|945|960|955|980|1070|1125|1120|1145|1100|10285
B28029|Rainbow DSB|785|845|890|960|950|990|1025|1015|955|1030|9435
B28053|Rainy River DSB|105|125|150|145|140|155|150|160|165|185|1490
B67199|Renfrew County CDSB|330|380|330|375|370|420|380|415|365|380|3745
B66214|Renfrew County DSB|530|590|630|640|645|640|640|645|645|625|6230
B66109|Simcoe County DSB|3510|3830|4005|4135|4220|4065|4240|4035|4060|4050|40140
B67091|Simcoe Muskoka CDSB|1540|1650|1760|1735|1760|1775|1770|1750|1765|1755|17255
B67040|St Clair CDSB|640|650|605|615|670|640|620|680|660|700|6475
B29033|Sudbury CDSB|330|395|410|450|510|500|510|540|585|535|4765
B29076|Superior North CDSB|60|60|65|80|90|75|70|65|70|75|710
B28070|Superior-Greenstone DSB|60|45|60|75|60|70|70|55|65|70|625
B66044|Thames Valley DSB|4955|5645|5760|5830|5950|6150|6105|6095|6260|6390|59130
B29068|Thunder Bay CDSB|415|425|440|460|475|490|505|540|480|540|4765
B67059|Toronto CDSB|4925|5330|5515|5790|5960|6175|6305|6370|6490|6340|59200
B66052|Toronto DSB|14580|15740|16540|16710|16675|16645|16870|16725|16620|16520|163615
B66087|Trillium Lakelands DSB|1015|1190|1170|1225|1260|1265|1175|1175|1200|1230|11905
B66192|Upper Canada DSB|1735|1845|1920|1955|1955|1935|1985|2030|1945|1875|19180
B66117|Upper Grand DSB|2130|2320|2385|2415|2470|2435|2475|2465|2595|2535|24220
B67148|Waterloo CDSB|1865|1875|2000|1905|2050|2065|2080|1965|2055|1945|19815
B66176|Waterloo Region DSB|3750|4205|4500|4380|4485|4530|4575|4505|4545|4570|44040
B67130|Wellington CDSB|650|615|595|585|650|665|715|685|640|655|6455
B67024|Windsor-Essex CDSB|1245|1390|1425|1455|1480|1490|1550|1470|1645|1600|14745
B67075|York CDSB|2130|2330|2685|2785|3025|3035|3205|3435|3670|3690|30000
B66095|York Region DSB|5570|6660|7805|8420|8750|9025|9510|9495|10570|10025|85825
N/A|Provincial Total|120330|131895|138680|142220|145450|146690|148615|148985|151545|150980|1425385
